Matriz de Costos
   0  10  70 999  20
 999   0  50  60  80
  40  50   0 999 999
  20  30 999   0 999
  20  20  10 999   0

Matriz 1
   0  10  70 999  20
 999   0  50  60  80
  40  50   0 999  60
  20  30  90   0  40
  20  20  10 999   0

Matriz 2
   0  10  60  70  20
 999   0  50  60  80
  40  50   0 110  60
  20  30  80   0  40
  20  20  10  80   0

Matriz 3
   0  10  60  70  20
  90   0  50  60  80
  40  50   0 110  60
  20  30  80   0  40
  20  20  10  80   0

Matriz 4
   0  10  60  70  20
  80   0  50  60  80
  40  50   0 110  60
  20  30  80   0  40
  20  20  10  80   0

Matriz 5
   0  10  30  70  20
  80   0  50  60  80
  40  50   0 110  60
  20  30  50   0  40
  20  20  10  80   0

Excentricidades:
  80  50  50 110  80

Centro es el nodo con la minima excentricidad: nodo 2